{{{{0.00000000,0.00000000,0.00000000,0.00000000},{0.00000000,0.00000000,0.00000000,0.00000000},{0.00000000,0.00000000,0.00000000,0.00000000},{0.00000000,0.00000000,0.00000000,0.00000000}},{{0.00000000,0.00902744,0.07712997,-0.00084665},{-0.00902744,0.00000000,-0.04663135,0.02613935},{-0.07712997,0.04663135,0.00000000,0.00013688},{0.00084665,-0.02613935,-0.00013688,0.00000000}},{{0.00000000,0.07712997,0.20972567,0.01311014},{-0.07712997,0.00000000,0.02103967,0.19096934},{-0.20972567,-0.02103967,0.00000000,-0.00043514},{-0.01311014,-0.19096934,0.00043514,0.00000000}},{{0.00000000,-0.00084665,0.01311014,-0.13465241},{0.00084665,0.00000000,-0.17915881,0.02306918},{-0.01311014,0.17915881,0.00000000,-0.02381772},{0.13465241,-0.02306918,0.02381772,0.00000000}}},{{{0.00000000,-0.00902744,-0.07712997,0.00084665},{0.00902744,0.00000000,0.04663135,-0.02613935},{0.07712997,-0.04663135,0.00000000,-0.00013688},{-0.00084665,0.02613935,0.00013688,0.00000000}},{{0.00000000,0.00000000,0.00000000,0.00000000},{0.00000000,0.00000000,0.00000000,0.00000000},{0.00000000,0.00000000,0.00000000,0.00000000},{0.00000000,0.00000000,0.00000000,0.00000000}},{{0.00000000,-0.04663135,0.02103967,-0.17915881},{0.04663135,0.00000000,-0.24711084,0.09725430},{-0.02103967,0.24711084,0.00000000,-0.02481885},{0.17915881,-0.09725430,0.02481885,0.00000000}},{{0.00000000,0.02613935,0.19096934,0.02306918},{-0.02613935,0.00000000,0.09725430,0.17710646},{-0.19096934,-0.09725430,0.00000000,-0.06325635},{-0.02306918,-0.17710646,0.06325635,0.00000000}}},{{{0.00000000,-0.07712997,-0.20972567,-0.01311014},{0.07712997,0.00000000,-0.02103967,-0.19096934},{0.20972567,0.02103967,0.00000000,0.00043514},{0.01311014,0.19096934,-0.00043514,0.00000000}},{{0.00000000,0.04663135,-0.02103967,0.17915881},{-0.04663135,0.00000000,0.24711084,-0.09725430},{0.02103967,-0.24711084,0.00000000,0.02481885},{-0.17915881,0.09725430,-0.02481885,0.00000000}},{{0.00000000,0.00000000,0.00000000,0.00000000},{0.00000000,0.00000000,0.00000000,0.00000000},{0.00000000,0.00000000,0.00000000,0.00000000},{0.00000000,0.00000000,0.00000000,0.00000000}},{{0.00000000,0.00013688,-0.00043514,-0.02381772},{-0.00013688,0.00000000,-0.02481885,-0.06325635},{0.00043514,0.02481885,0.00000000,-0.01409632},{0.02381772,0.06325635,0.01409632,0.00000000}}},{{{0.00000000,0.00084665,-0.01311014,0.13465241},{-0.00084665,0.00000000,0.17915881,-0.02306918},{0.01311014,-0.17915881,0.00000000,0.02381772},{-0.13465241,0.02306918,-0.02381772,0.00000000}},{{0.00000000,-0.02613935,-0.19096934,-0.02306918},{0.02613935,0.00000000,-0.09725430,-0.17710646},{0.19096934,0.09725430,0.00000000,0.06325635},{0.02306918,0.17710646,-0.06325635,0.00000000}},{{0.00000000,-0.00013688,0.00043514,0.02381772},{0.00013688,0.00000000,0.02481885,0.06325635},{-0.00043514,-0.02481885,0.00000000,0.01409632},{-0.02381772,-0.06325635,-0.01409632,0.00000000}},{{0.00000000,0.00000000,0.00000000,0.00000000},{0.00000000,0.00000000,0.00000000,0.00000000},{0.00000000,0.00000000,0.00000000,0.00000000},{0.00000000,0.00000000,0.00000000,0.00000000}}}}