{{{{0.00000000,0.00000000,0.00000000,0.00000000},{0.00000000,0.00000000,0.00000000,0.00000000},{0.00000000,0.00000000,0.00000000,0.00000000},{0.00000000,0.00000000,0.00000000,0.00000000}},{{0.00000000,0.03380117,0.03055161,0.01280052},{-0.03380117,0.00000000,-0.01405543,0.00321621},{-0.03055161,0.01405543,0.00000000,0.00314279},{-0.01280052,-0.00321621,-0.00314279,0.00000000}},{{0.00000000,0.03055161,0.26378711,0.05215863},{-0.03055161,0.00000000,0.06614924,0.14393084},{-0.26378711,-0.06614924,0.00000000,-0.00523655},{-0.05215863,-0.14393084,0.00523655,0.00000000}},{{0.00000000,0.01280052,0.05215863,-0.19563322},{-0.01280052,0.00000000,-0.16995728,0.10548024},{-0.05215863,0.16995728,0.00000000,-0.01576819},{0.19563322,-0.10548024,0.01576819,0.00000000}}},{{{0.00000000,-0.03380117,-0.03055161,-0.01280052},{0.03380117,0.00000000,0.01405543,-0.00321621},{0.03055161,-0.01405543,0.00000000,-0.00314279},{0.01280052,0.00321621,0.00314279,0.00000000}},{{0.00000000,0.00000000,0.00000000,0.00000000},{0.00000000,0.00000000,0.00000000,0.00000000},{0.00000000,0.00000000,0.00000000,0.00000000},{0.00000000,0.00000000,0.00000000,0.00000000}},{{0.00000000,-0.01405543,0.06614924,-0.16995728},{0.01405543,0.00000000,-0.26954858,0.15647991},{-0.06614924,0.26954858,0.00000000,0.02846159},{0.16995728,-0.15647991,-0.02846159,0.00000000}},{{0.00000000,0.00321621,0.14393084,0.10548024},{-0.00321621,0.00000000,0.15647991,0.15069700},{-0.14393084,-0.15647991,0.00000000,-0.04062792},{-0.10548024,-0.15069700,0.04062792,0.00000000}}},{{{0.00000000,-0.03055161,-0.26378711,-0.05215863},{0.03055161,0.00000000,-0.06614924,-0.14393084},{0.26378711,0.06614924,0.00000000,0.00523655},{0.05215863,0.14393084,-0.00523655,0.00000000}},{{0.00000000,0.01405543,-0.06614924,0.16995728},{-0.01405543,0.00000000,0.26954858,-0.15647991},{0.06614924,-0.26954858,0.00000000,-0.02846159},{-0.16995728,0.15647991,0.02846159,0.00000000}},{{0.00000000,0.00000000,0.00000000,0.00000000},{0.00000000,0.00000000,0.00000000,0.00000000},{0.00000000,0.00000000,0.00000000,0.00000000},{0.00000000,0.00000000,0.00000000,0.00000000}},{{0.00000000,0.00314279,-0.00523655,-0.01576819},{-0.00314279,0.00000000,0.02846159,-0.04062792},{0.00523655,-0.02846159,0.00000000,0.01689651},{0.01576819,0.04062792,-0.01689651,0.00000000}}},{{{0.00000000,-0.01280052,-0.05215863,0.19563322},{0.01280052,0.00000000,0.16995728,-0.10548024},{0.05215863,-0.16995728,0.00000000,0.01576819},{-0.19563322,0.10548024,-0.01576819,0.00000000}},{{0.00000000,-0.00321621,-0.14393084,-0.10548024},{0.00321621,0.00000000,-0.15647991,-0.15069700},{0.14393084,0.15647991,0.00000000,0.04062792},{0.10548024,0.15069700,-0.04062792,0.00000000}},{{0.00000000,-0.00314279,0.00523655,0.01576819},{0.00314279,0.00000000,-0.02846159,0.04062792},{-0.00523655,0.02846159,0.00000000,-0.01689651},{-0.01576819,-0.04062792,0.01689651,0.00000000}},{{0.00000000,0.00000000,0.00000000,0.00000000},{0.00000000,0.00000000,0.00000000,0.00000000},{0.00000000,0.00000000,0.00000000,0.00000000},{0.00000000,0.00000000,0.00000000,0.00000000}}}}