{{{{0.00000000,0.00000000,0.00000000,0.00000000},{0.00000000,0.00000000,0.00000000,0.00000000},{0.00000000,0.00000000,0.00000000,0.00000000},{0.00000000,0.00000000,0.00000000,0.00000000}},{{0.00000000,0.00569931,-0.04192605,0.00561046},{-0.00569931,0.00000000,0.01792469,-0.00969050},{0.04192605,-0.01792469,0.00000000,0.01360838},{-0.00561046,0.00969050,-0.01360838,0.00000000}},{{0.00000000,-0.04192605,0.28508881,0.04704963},{0.04192605,0.00000000,0.06880527,-0.14082746},{-0.28508881,-0.06880527,0.00000000,-0.00032613},{-0.04704963,0.14082746,0.00032613,0.00000000}},{{0.00000000,0.00561046,0.04704963,0.03032086},{-0.00561046,0.00000000,0.09434006,0.12908908},{-0.04704963,-0.09434006,0.00000000,0.02583901},{-0.03032086,-0.12908908,-0.02583901,0.00000000}}},{{{0.00000000,-0.00569931,0.04192605,-0.00561046},{0.00569931,0.00000000,-0.01792469,0.00969050},{-0.04192605,0.01792469,0.00000000,-0.01360838},{0.00561046,-0.00969050,0.01360838,0.00000000}},{{0.00000000,0.00000000,0.00000000,0.00000000},{0.00000000,0.00000000,0.00000000,0.00000000},{0.00000000,0.00000000,0.00000000,0.00000000},{0.00000000,0.00000000,0.00000000,0.00000000}},{{0.00000000,0.01792469,0.06880527,0.09434006},{-0.01792469,0.00000000,-0.28787704,-0.07531050},{-0.06880527,0.28787704,0.00000000,0.01715056},{-0.09434006,0.07531050,-0.01715056,0.00000000}},{{0.00000000,-0.00969050,-0.14082746,0.12908908},{0.00969050,0.00000000,-0.07531050,-0.06061481},{0.14082746,0.07531050,0.00000000,0.01973417},{-0.12908908,0.06061481,-0.01973417,0.00000000}}},{{{0.00000000,0.04192605,-0.28508881,-0.04704963},{-0.04192605,0.00000000,-0.06880527,0.14082746},{0.28508881,0.06880527,0.00000000,0.00032613},{0.04704963,-0.14082746,-0.00032613,0.00000000}},{{0.00000000,-0.01792469,-0.06880527,-0.09434006},{0.01792469,0.00000000,0.28787704,0.07531050},{0.06880527,-0.28787704,0.00000000,-0.01715056},{0.09434006,-0.07531050,0.01715056,0.00000000}},{{0.00000000,0.00000000,0.00000000,0.00000000},{0.00000000,0.00000000,0.00000000,0.00000000},{0.00000000,0.00000000,0.00000000,0.00000000},{0.00000000,0.00000000,0.00000000,0.00000000}},{{0.00000000,0.01360838,-0.00032613,0.02583901},{-0.01360838,0.00000000,0.01715056,0.01973417},{0.00032613,-0.01715056,0.00000000,0.02738287},{-0.02583901,-0.01973417,-0.02738287,0.00000000}}},{{{0.00000000,-0.00561046,-0.04704963,-0.03032086},{0.00561046,0.00000000,-0.09434006,-0.12908908},{0.04704963,0.09434006,0.00000000,-0.02583901},{0.03032086,0.12908908,0.02583901,0.00000000}},{{0.00000000,0.00969050,0.14082746,-0.12908908},{-0.00969050,0.00000000,0.07531050,0.06061481},{-0.14082746,-0.07531050,0.00000000,-0.01973417},{0.12908908,-0.06061481,0.01973417,0.00000000}},{{0.00000000,-0.01360838,0.00032613,-0.02583901},{0.01360838,0.00000000,-0.01715056,-0.01973417},{-0.00032613,0.01715056,0.00000000,-0.02738287},{0.02583901,0.01973417,0.02738287,0.00000000}},{{0.00000000,0.00000000,0.00000000,0.00000000},{0.00000000,0.00000000,0.00000000,0.00000000},{0.00000000,0.00000000,0.00000000,0.00000000},{0.00000000,0.00000000,0.00000000,0.00000000}}}}