{{{{0.00000000,0.00000000,0.00000000,0.00000000},{0.00000000,0.00000000,0.00000000,0.00000000},{0.00000000,0.00000000,0.00000000,0.00000000},{0.00000000,0.00000000,0.00000000,0.00000000}},{{0.00000000,0.02675237,0.06106376,0.00726331},{-0.02675237,0.00000000,-0.03164201,0.02685893},{-0.06106376,0.03164201,0.00000000,0.00079652},{-0.00726331,-0.02685893,-0.00079652,0.00000000}},{{0.00000000,0.06106376,0.24218323,0.02712624},{-0.06106376,0.00000000,0.04373474,0.18973951},{-0.24218323,-0.04373474,0.00000000,-0.00872936},{-0.02712624,-0.18973951,0.00872936,0.00000000}},{{0.00000000,0.00726331,0.02712624,-0.17820103},{-0.00726331,0.00000000,-0.19315763,0.05944274},{-0.02712624,0.19315763,0.00000000,-0.02168094},{0.17820103,-0.05944274,0.02168094,0.00000000}}},{{{0.00000000,-0.02675237,-0.06106376,-0.00726331},{0.02675237,0.00000000,0.03164201,-0.02685893},{0.06106376,-0.03164201,0.00000000,-0.00079652},{0.00726331,0.02685893,0.00079652,0.00000000}},{{0.00000000,0.00000000,0.00000000,0.00000000},{0.00000000,0.00000000,0.00000000,0.00000000},{0.00000000,0.00000000,0.00000000,0.00000000},{0.00000000,0.00000000,0.00000000,0.00000000}},{{0.00000000,-0.03164201,0.04373474,-0.19315763},{0.03164201,0.00000000,-0.26886478,0.13550639},{-0.04373474,0.26886478,0.00000000,0.00145413},{0.19315763,-0.13550639,-0.00145413,0.00000000}},{{0.00000000,0.02685893,0.18973951,0.05944274},{-0.02685893,0.00000000,0.13550639,0.17620830},{-0.18973951,-0.13550639,0.00000000,-0.05479935},{-0.05944274,-0.17620830,0.05479935,0.00000000}}},{{{0.00000000,-0.06106376,-0.24218323,-0.02712624},{0.06106376,0.00000000,-0.04373474,-0.18973951},{0.24218323,0.04373474,0.00000000,0.00872936},{0.02712624,0.18973951,-0.00872936,0.00000000}},{{0.00000000,0.03164201,-0.04373474,0.19315763},{-0.03164201,0.00000000,0.26886478,-0.13550639},{0.04373474,-0.26886478,0.00000000,-0.00145413},{-0.19315763,0.13550639,0.00145413,0.00000000}},{{0.00000000,0.00000000,0.00000000,0.00000000},{0.00000000,0.00000000,0.00000000,0.00000000},{0.00000000,0.00000000,0.00000000,0.00000000},{0.00000000,0.00000000,0.00000000,0.00000000}},{{0.00000000,0.00079652,-0.00872936,-0.02168094},{-0.00079652,0.00000000,0.00145413,-0.05479935},{0.00872936,-0.00145413,0.00000000,0.00192191},{0.02168094,0.05479935,-0.00192191,0.00000000}}},{{{0.00000000,-0.00726331,-0.02712624,0.17820103},{0.00726331,0.00000000,0.19315763,-0.05944274},{0.02712624,-0.19315763,0.00000000,0.02168094},{-0.17820103,0.05944274,-0.02168094,0.00000000}},{{0.00000000,-0.02685893,-0.18973951,-0.05944274},{0.02685893,0.00000000,-0.13550639,-0.17620830},{0.18973951,0.13550639,0.00000000,0.05479935},{0.05944274,0.17620830,-0.05479935,0.00000000}},{{0.00000000,-0.00079652,0.00872936,0.02168094},{0.00079652,0.00000000,-0.00145413,0.05479935},{-0.00872936,0.00145413,0.00000000,-0.00192191},{-0.02168094,-0.05479935,0.00192191,0.00000000}},{{0.00000000,0.00000000,0.00000000,0.00000000},{0.00000000,0.00000000,0.00000000,0.00000000},{0.00000000,0.00000000,0.00000000,0.00000000},{0.00000000,0.00000000,0.00000000,0.00000000}}}}