{{{{0.00000000,0.00000000,0.00000000,0.00000000},{0.00000000,0.00000000,0.00000000,0.00000000},{0.00000000,0.00000000,0.00000000,0.00000000},{0.00000000,0.00000000,0.00000000,0.00000000}},{{0.00000000,0.00000000,0.04635953,-0.00910936},{-0.00000000,0.00000000,-0.02686682,0.01996463},{-0.04635953,0.02686682,0.00000000,0.00050488},{0.00910936,-0.01996463,-0.00050488,0.00000000}},{{0.00000000,-0.04635953,0.00000000,0.10569429},{0.04635953,0.00000000,0.19195395,0.11441440},{-0.00000000,-0.19195395,0.00000000,0.00516917},{-0.10569429,-0.11441440,-0.00516917,0.00000000}},{{0.00000000,0.00910936,-0.10569429,-0.00000000},{-0.00910936,0.00000000,0.08534201,-0.09655921},{0.10569429,-0.08534201,0.00000000,-0.02892725},{0.00000000,0.09655921,0.02892725,0.00000000}}},{{{0.00000000,-0.00000000,-0.04635953,0.00910936},{0.00000000,0.00000000,0.02686682,-0.01996463},{0.04635953,-0.02686682,0.00000000,-0.00050488},{-0.00910936,0.01996463,0.00050488,0.00000000}},{{0.00000000,0.00000000,0.00000000,0.00000000},{0.00000000,0.00000000,0.00000000,0.00000000},{0.00000000,0.00000000,0.00000000,0.00000000},{0.00000000,0.00000000,0.00000000,0.00000000}},{{0.00000000,0.02686682,-0.19195395,-0.08534201},{-0.02686682,0.00000000,-0.00000000,-0.03039099},{0.19195395,0.00000000,0.00000000,-0.04215798},{0.08534201,0.03039099,0.04215798,0.00000000}},{{0.00000000,-0.01996463,-0.11441440,0.09655921},{0.01996463,0.00000000,0.03039099,0.00000000},{0.11441440,-0.03039099,0.00000000,-0.00557018},{-0.09655921,-0.00000000,0.00557018,0.00000000}}},{{{0.00000000,0.04635953,-0.00000000,-0.10569429},{-0.04635953,0.00000000,-0.19195395,-0.11441440},{0.00000000,0.19195395,0.00000000,-0.00516917},{0.10569429,0.11441440,0.00516917,0.00000000}},{{0.00000000,-0.02686682,0.19195395,0.08534201},{0.02686682,0.00000000,0.00000000,0.03039099},{-0.19195395,-0.00000000,0.00000000,0.04215798},{-0.08534201,-0.03039099,-0.04215798,0.00000000}},{{0.00000000,0.00000000,0.00000000,0.00000000},{0.00000000,0.00000000,0.00000000,0.00000000},{0.00000000,0.00000000,0.00000000,0.00000000},{0.00000000,0.00000000,0.00000000,0.00000000}},{{0.00000000,-0.00050488,-0.00516917,0.02892725},{0.00050488,0.00000000,0.04215798,0.00557018},{0.00516917,-0.04215798,0.00000000,0.00000000},{-0.02892725,-0.00557018,-0.00000000,0.00000000}}},{{{0.00000000,-0.00910936,0.10569429,0.00000000},{0.00910936,0.00000000,-0.08534201,0.09655921},{-0.10569429,0.08534201,0.00000000,0.02892725},{-0.00000000,-0.09655921,-0.02892725,0.00000000}},{{0.00000000,0.01996463,0.11441440,-0.09655921},{-0.01996463,0.00000000,-0.03039099,-0.00000000},{-0.11441440,0.03039099,0.00000000,0.00557018},{0.09655921,0.00000000,-0.00557018,0.00000000}},{{0.00000000,0.00050488,0.00516917,-0.02892725},{-0.00050488,0.00000000,-0.04215798,-0.00557018},{-0.00516917,0.04215798,0.00000000,-0.00000000},{0.02892725,0.00557018,0.00000000,0.00000000}},{{0.00000000,0.00000000,0.00000000,0.00000000},{0.00000000,0.00000000,0.00000000,0.00000000},{0.00000000,0.00000000,0.00000000,0.00000000},{0.00000000,0.00000000,0.00000000,0.00000000}}}}