{{{{0.00000000,0.00000000,0.00000000,0.00000000},{0.00000000,0.00000000,0.00000000,0.00000000},{0.00000000,0.00000000,0.00000000,0.00000000},{0.00000000,0.00000000,0.00000000,0.00000000}},{{0.00000000,-0.00000000,0.05189419,-0.00578950},{0.00000000,0.00000000,-0.02550782,0.01586665},{-0.05189419,0.02550782,0.00000000,-0.00036922},{0.00578950,-0.01586665,0.00036922,0.00000000}},{{0.00000000,-0.05189419,-0.00000000,0.11614376},{0.05189419,0.00000000,0.21449968,0.13193130},{0.00000000,-0.21449968,0.00000000,0.00474854},{-0.11614376,-0.13193130,-0.00474854,0.00000000}},{{0.00000000,0.00578950,-0.11614376,0.00000000},{-0.00578950,0.00000000,0.10350860,-0.09153209},{0.11614376,-0.10350860,0.00000000,-0.03041844},{-0.00000000,0.09153209,0.03041844,0.00000000}}},{{{0.00000000,0.00000000,-0.05189419,0.00578950},{-0.00000000,0.00000000,0.02550782,-0.01586665},{0.05189419,-0.02550782,0.00000000,0.00036922},{-0.00578950,0.01586665,-0.00036922,0.00000000}},{{0.00000000,0.00000000,0.00000000,0.00000000},{0.00000000,0.00000000,0.00000000,0.00000000},{0.00000000,0.00000000,0.00000000,0.00000000},{0.00000000,0.00000000,0.00000000,0.00000000}},{{0.00000000,0.02550782,-0.21449968,-0.10350860},{-0.02550782,0.00000000,0.00000000,0.01479883},{0.21449968,-0.00000000,0.00000000,-0.03092423},{0.10350860,-0.01479883,0.03092423,0.00000000}},{{0.00000000,-0.01586665,-0.13193130,0.09153209},{0.01586665,0.00000000,-0.01479883,-0.00000000},{0.13193130,0.01479883,0.00000000,-0.01319734},{-0.09153209,0.00000000,0.01319734,0.00000000}}},{{{0.00000000,0.05189419,0.00000000,-0.11614376},{-0.05189419,0.00000000,-0.21449968,-0.13193130},{-0.00000000,0.21449968,0.00000000,-0.00474854},{0.11614376,0.13193130,0.00474854,0.00000000}},{{0.00000000,-0.02550782,0.21449968,0.10350860},{0.02550782,0.00000000,-0.00000000,-0.01479883},{-0.21449968,0.00000000,0.00000000,0.03092423},{-0.10350860,0.01479883,-0.03092423,0.00000000}},{{0.00000000,0.00000000,0.00000000,0.00000000},{0.00000000,0.00000000,0.00000000,0.00000000},{0.00000000,0.00000000,0.00000000,0.00000000},{0.00000000,0.00000000,0.00000000,0.00000000}},{{0.00000000,0.00036922,-0.00474854,0.03041844},{-0.00036922,0.00000000,0.03092423,0.01319734},{0.00474854,-0.03092423,0.00000000,0.00000000},{-0.03041844,-0.01319734,-0.00000000,0.00000000}}},{{{0.00000000,-0.00578950,0.11614376,-0.00000000},{0.00578950,0.00000000,-0.10350860,0.09153209},{-0.11614376,0.10350860,0.00000000,0.03041844},{0.00000000,-0.09153209,-0.03041844,0.00000000}},{{0.00000000,0.01586665,0.13193130,-0.09153209},{-0.01586665,0.00000000,0.01479883,0.00000000},{-0.13193130,-0.01479883,0.00000000,0.01319734},{0.09153209,-0.00000000,-0.01319734,0.00000000}},{{0.00000000,-0.00036922,0.00474854,-0.03041844},{0.00036922,0.00000000,-0.03092423,-0.01319734},{-0.00474854,0.03092423,0.00000000,-0.00000000},{0.03041844,0.01319734,0.00000000,0.00000000}},{{0.00000000,0.00000000,0.00000000,0.00000000},{0.00000000,0.00000000,0.00000000,0.00000000},{0.00000000,0.00000000,0.00000000,0.00000000},{0.00000000,0.00000000,0.00000000,0.00000000}}}}