{{{{0.00000000,0.00000000,0.00000000,0.00000000},{0.00000000,0.00000000,0.00000000,0.00000000},{0.00000000,0.00000000,0.00000000,0.00000000},{0.00000000,0.00000000,0.00000000,0.00000000}},{{0.00000000,0.00000000,0.04620395,-0.00231976},{-0.00000000,0.00000000,-0.02319385,0.00524008},{-0.04620395,0.02319385,0.00000000,-0.00240548},{0.00231976,-0.00524008,0.00240548,0.00000000}},{{0.00000000,-0.04620395,-0.00000000,0.11026210},{0.04620395,0.00000000,0.24931899,0.12307237},{0.00000000,-0.24931899,0.00000000,0.00598864},{-0.11026210,-0.12307237,-0.00598864,0.00000000}},{{0.00000000,0.00231976,-0.11026210,-0.00000000},{-0.00231976,0.00000000,0.11504603,-0.04051349},{0.11026210,-0.11504603,0.00000000,-0.02717136},{0.00000000,0.04051349,0.02717136,0.00000000}}},{{{0.00000000,-0.00000000,-0.04620395,0.00231976},{0.00000000,0.00000000,0.02319385,-0.00524008},{0.04620395,-0.02319385,0.00000000,0.00240548},{-0.00231976,0.00524008,-0.00240548,0.00000000}},{{0.00000000,0.00000000,0.00000000,0.00000000},{0.00000000,0.00000000,0.00000000,0.00000000},{0.00000000,0.00000000,0.00000000,0.00000000},{0.00000000,0.00000000,0.00000000,0.00000000}},{{0.00000000,0.02319385,-0.24931899,-0.11504603},{-0.02319385,0.00000000,0.00000000,0.08052680},{0.24931899,-0.00000000,0.00000000,-0.00977255},{0.11504603,-0.08052680,0.00977255,0.00000000}},{{0.00000000,-0.00524008,-0.12307237,0.04051349},{0.00524008,0.00000000,-0.08052680,0.00000000},{0.12307237,0.08052680,0.00000000,-0.02135557},{-0.04051349,-0.00000000,0.02135557,0.00000000}}},{{{0.00000000,0.04620395,0.00000000,-0.11026210},{-0.04620395,0.00000000,-0.24931899,-0.12307237},{-0.00000000,0.24931899,0.00000000,-0.00598864},{0.11026210,0.12307237,0.00598864,0.00000000}},{{0.00000000,-0.02319385,0.24931899,0.11504603},{0.02319385,0.00000000,-0.00000000,-0.08052680},{-0.24931899,0.00000000,0.00000000,0.00977255},{-0.11504603,0.08052680,-0.00977255,0.00000000}},{{0.00000000,0.00000000,0.00000000,0.00000000},{0.00000000,0.00000000,0.00000000,0.00000000},{0.00000000,0.00000000,0.00000000,0.00000000},{0.00000000,0.00000000,0.00000000,0.00000000}},{{0.00000000,0.00240548,-0.00598864,0.02717136},{-0.00240548,0.00000000,0.00977255,0.02135557},{0.00598864,-0.00977255,0.00000000,0.00000000},{-0.02717136,-0.02135557,-0.00000000,0.00000000}}},{{{0.00000000,-0.00231976,0.11026210,0.00000000},{0.00231976,0.00000000,-0.11504603,0.04051349},{-0.11026210,0.11504603,0.00000000,0.02717136},{-0.00000000,-0.04051349,-0.02717136,0.00000000}},{{0.00000000,0.00524008,0.12307237,-0.04051349},{-0.00524008,0.00000000,0.08052680,-0.00000000},{-0.12307237,-0.08052680,0.00000000,0.02135557},{0.04051349,0.00000000,-0.02135557,0.00000000}},{{0.00000000,-0.00240548,0.00598864,-0.02717136},{0.00240548,0.00000000,-0.00977255,-0.02135557},{-0.00598864,0.00977255,0.00000000,-0.00000000},{0.02717136,0.02135557,0.00000000,0.00000000}},{{0.00000000,0.00000000,0.00000000,0.00000000},{0.00000000,0.00000000,0.00000000,0.00000000},{0.00000000,0.00000000,0.00000000,0.00000000},{0.00000000,0.00000000,0.00000000,0.00000000}}}}