{{{{0.00000000,0.00000000,0.00000000,0.00000000},{0.00000000,0.00000000,0.00000000,0.00000000},{0.00000000,0.00000000,0.00000000,0.00000000},{0.00000000,0.00000000,0.00000000,0.00000000}},{{0.00000000,-0.02138922,0.02677304,-0.00048549},{0.02138922,0.00000000,-0.02137254,0.00039957},{-0.02677304,0.02137254,0.00000000,0.00091290},{0.00048549,-0.00039957,-0.00091290,0.00000000}},{{0.00000000,0.02677304,0.22373743,0.03883469},{-0.02677304,0.00000000,0.04051420,0.06167167},{-0.22373743,-0.04051420,0.00000000,0.00178921},{-0.03883469,-0.06167167,-0.00178921,0.00000000}},{{0.00000000,-0.00048549,0.03883469,-0.09327589},{0.00048549,0.00000000,-0.08289330,0.07854903},{-0.03883469,0.08289330,0.00000000,-0.00932900},{0.09327589,-0.07854903,0.00932900,0.00000000}}},{{{0.00000000,0.02138922,-0.02677304,0.00048549},{-0.02138922,0.00000000,0.02137254,-0.00039957},{0.02677304,-0.02137254,0.00000000,-0.00091290},{-0.00048549,0.00039957,0.00091290,0.00000000}},{{0.00000000,0.00000000,0.00000000,0.00000000},{0.00000000,0.00000000,0.00000000,0.00000000},{0.00000000,0.00000000,0.00000000,0.00000000},{0.00000000,0.00000000,0.00000000,0.00000000}},{{0.00000000,-0.02137254,0.04051420,-0.08289330},{0.02137254,0.00000000,-0.25687972,0.06658110},{-0.04051420,0.25687972,0.00000000,-0.00121478},{0.08289330,-0.06658110,0.00121478,0.00000000}},{{0.00000000,0.00039957,0.06167167,0.07854903},{-0.00039957,0.00000000,0.06658110,0.09793291},{-0.06167167,-0.06658110,0.00000000,-0.03347184},{-0.07854903,-0.09793291,0.03347184,0.00000000}}},{{{0.00000000,-0.02677304,-0.22373743,-0.03883469},{0.02677304,0.00000000,-0.04051420,-0.06167167},{0.22373743,0.04051420,0.00000000,-0.00178921},{0.03883469,0.06167167,0.00178921,0.00000000}},{{0.00000000,0.02137254,-0.04051420,0.08289330},{-0.02137254,0.00000000,0.25687972,-0.06658110},{0.04051420,-0.25687972,0.00000000,0.00121478},{-0.08289330,0.06658110,-0.00121478,0.00000000}},{{0.00000000,0.00000000,0.00000000,0.00000000},{0.00000000,0.00000000,0.00000000,0.00000000},{0.00000000,0.00000000,0.00000000,0.00000000},{0.00000000,0.00000000,0.00000000,0.00000000}},{{0.00000000,0.00091290,0.00178921,-0.00932900},{-0.00091290,0.00000000,-0.00121478,-0.03347184},{-0.00178921,0.00121478,0.00000000,-0.02512552},{0.00932900,0.03347184,0.02512552,0.00000000}}},{{{0.00000000,0.00048549,-0.03883469,0.09327589},{-0.00048549,0.00000000,0.08289330,-0.07854903},{0.03883469,-0.08289330,0.00000000,0.00932900},{-0.09327589,0.07854903,-0.00932900,0.00000000}},{{0.00000000,-0.00039957,-0.06167167,-0.07854903},{0.00039957,0.00000000,-0.06658110,-0.09793291},{0.06167167,0.06658110,0.00000000,0.03347184},{0.07854903,0.09793291,-0.03347184,0.00000000}},{{0.00000000,-0.00091290,-0.00178921,0.00932900},{0.00091290,0.00000000,0.00121478,0.03347184},{0.00178921,-0.00121478,0.00000000,0.02512552},{-0.00932900,-0.03347184,-0.02512552,0.00000000}},{{0.00000000,0.00000000,0.00000000,0.00000000},{0.00000000,0.00000000,0.00000000,0.00000000},{0.00000000,0.00000000,0.00000000,0.00000000},{0.00000000,0.00000000,0.00000000,0.00000000}}}}