{{{{0.00000000,0.00000000,0.00000000,0.00000000},{0.00000000,0.00000000,0.00000000,0.00000000},{0.00000000,0.00000000,0.00000000,0.00000000},{0.00000000,0.00000000,0.00000000,0.00000000}},{{0.00000000,-0.03359416,0.01289759,-0.00461273},{0.03359416,0.00000000,-0.01052751,-0.00041650},{-0.01289759,0.01052751,0.00000000,0.00002155},{0.00461273,0.00041650,-0.00002155,0.00000000}},{{0.00000000,0.01289759,0.02346128,0.00052396},{-0.01289759,0.00000000,-0.00310577,0.01459573},{-0.02346128,0.00310577,0.00000000,0.00098003},{-0.00052396,-0.01459573,-0.00098003,0.00000000}},{{0.00000000,-0.00461273,0.00052396,-0.00350291},{0.00461273,0.00000000,-0.01427255,-0.00029943},{-0.00052396,0.01427255,0.00000000,-0.00516735},{0.00350291,0.00029943,0.00516735,0.00000000}}},{{{0.00000000,0.03359416,-0.01289759,0.00461273},{-0.03359416,0.00000000,0.01052751,0.00041650},{0.01289759,-0.01052751,0.00000000,-0.00002155},{-0.00461273,-0.00041650,0.00002155,0.00000000}},{{0.00000000,0.00000000,0.00000000,0.00000000},{0.00000000,0.00000000,0.00000000,0.00000000},{0.00000000,0.00000000,0.00000000,0.00000000},{0.00000000,0.00000000,0.00000000,0.00000000}},{{0.00000000,-0.01052751,-0.00310577,-0.01427255},{0.01052751,0.00000000,-0.05013598,0.00782620},{0.00310577,0.05013598,0.00000000,-0.01016234},{0.01427255,-0.00782620,0.01016234,0.00000000}},{{0.00000000,-0.00041650,0.01459573,-0.00029943},{0.00041650,0.00000000,0.00782620,0.02304302},{-0.01459573,-0.00782620,0.00000000,-0.01142651},{0.00029943,-0.02304302,0.01142651,0.00000000}}},{{{0.00000000,-0.01289759,-0.02346128,-0.00052396},{0.01289759,0.00000000,0.00310577,-0.01459573},{0.02346128,-0.00310577,0.00000000,-0.00098003},{0.00052396,0.01459573,0.00098003,0.00000000}},{{0.00000000,0.01052751,0.00310577,0.01427255},{-0.01052751,0.00000000,0.05013598,-0.00782620},{-0.00310577,-0.05013598,0.00000000,0.01016234},{-0.01427255,0.00782620,-0.01016234,0.00000000}},{{0.00000000,0.00000000,0.00000000,0.00000000},{0.00000000,0.00000000,0.00000000,0.00000000},{0.00000000,0.00000000,0.00000000,0.00000000},{0.00000000,0.00000000,0.00000000,0.00000000}},{{0.00000000,0.00002155,0.00098003,-0.00516735},{-0.00002155,0.00000000,-0.01016234,-0.01142651},{-0.00098003,0.01016234,0.00000000,-0.03427125},{0.00516735,0.01142651,0.03427125,0.00000000}}},{{{0.00000000,0.00461273,-0.00052396,0.00350291},{-0.00461273,0.00000000,0.01427255,0.00029943},{0.00052396,-0.01427255,0.00000000,0.00516735},{-0.00350291,-0.00029943,-0.00516735,0.00000000}},{{0.00000000,0.00041650,-0.01459573,0.00029943},{-0.00041650,0.00000000,-0.00782620,-0.02304302},{0.01459573,0.00782620,0.00000000,0.01142651},{-0.00029943,0.02304302,-0.01142651,0.00000000}},{{0.00000000,-0.00002155,-0.00098003,0.00516735},{0.00002155,0.00000000,0.01016234,0.01142651},{0.00098003,-0.01016234,0.00000000,0.03427125},{-0.00516735,-0.01142651,-0.03427125,0.00000000}},{{0.00000000,0.00000000,0.00000000,0.00000000},{0.00000000,0.00000000,0.00000000,0.00000000},{0.00000000,0.00000000,0.00000000,0.00000000},{0.00000000,0.00000000,0.00000000,0.00000000}}}}