{{{{0.00000000,0.00000000,0.00000000,0.00000000},{0.00000000,0.00000000,0.00000000,0.00000000},{0.00000000,0.00000000,0.00000000,0.00000000},{0.00000000,0.00000000,0.00000000,0.00000000}},{{0.00000000,-0.03497914,0.02081698,-0.00576226},{0.03497914,0.00000000,-0.01599012,0.00046179},{-0.02081698,0.01599012,0.00000000,-0.00030989},{0.00576226,-0.00046179,0.00030989,0.00000000}},{{0.00000000,0.02081698,0.04065917,0.00136548},{-0.02081698,0.00000000,-0.00280531,0.02982924},{-0.04065917,0.00280531,0.00000000,0.00183463},{-0.00136548,-0.02982924,-0.00183463,0.00000000}},{{0.00000000,-0.00576226,0.00136548,-0.01174609},{0.00576226,0.00000000,-0.02830392,-0.00002712},{-0.00136548,0.02830392,0.00000000,-0.00774247},{0.01174609,0.00002712,0.00774247,0.00000000}}},{{{0.00000000,0.03497914,-0.02081698,0.00576226},{-0.03497914,0.00000000,0.01599012,-0.00046179},{0.02081698,-0.01599012,0.00000000,0.00030989},{-0.00576226,0.00046179,-0.00030989,0.00000000}},{{0.00000000,0.00000000,0.00000000,0.00000000},{0.00000000,0.00000000,0.00000000,0.00000000},{0.00000000,0.00000000,0.00000000,0.00000000},{0.00000000,0.00000000,0.00000000,0.00000000}},{{0.00000000,-0.01599012,-0.00280531,-0.02830392},{0.01599012,0.00000000,-0.07060594,0.01414516},{0.00280531,0.07060594,0.00000000,-0.01452833},{0.02830392,-0.01414516,0.01452833,0.00000000}},{{0.00000000,0.00046179,0.02982924,-0.00002712},{-0.00046179,0.00000000,0.01414516,0.03889452},{-0.02982924,-0.01414516,0.00000000,-0.01799713},{0.00002712,-0.03889452,0.01799713,0.00000000}}},{{{0.00000000,-0.02081698,-0.04065917,-0.00136548},{0.02081698,0.00000000,0.00280531,-0.02982924},{0.04065917,-0.00280531,0.00000000,-0.00183463},{0.00136548,0.02982924,0.00183463,0.00000000}},{{0.00000000,0.01599012,0.00280531,0.02830392},{-0.01599012,0.00000000,0.07060594,-0.01414516},{-0.00280531,-0.07060594,0.00000000,0.01452833},{-0.02830392,0.01414516,-0.01452833,0.00000000}},{{0.00000000,0.00000000,0.00000000,0.00000000},{0.00000000,0.00000000,0.00000000,0.00000000},{0.00000000,0.00000000,0.00000000,0.00000000},{0.00000000,0.00000000,0.00000000,0.00000000}},{{0.00000000,-0.00030989,0.00183463,-0.00774247},{0.00030989,0.00000000,-0.01452833,-0.01799713},{-0.00183463,0.01452833,0.00000000,-0.03722252},{0.00774247,0.01799713,0.03722252,0.00000000}}},{{{0.00000000,0.00576226,-0.00136548,0.01174609},{-0.00576226,0.00000000,0.02830392,0.00002712},{0.00136548,-0.02830392,0.00000000,0.00774247},{-0.01174609,-0.00002712,-0.00774247,0.00000000}},{{0.00000000,-0.00046179,-0.02982924,0.00002712},{0.00046179,0.00000000,-0.01414516,-0.03889452},{0.02982924,0.01414516,0.00000000,0.01799713},{-0.00002712,0.03889452,-0.01799713,0.00000000}},{{0.00000000,0.00030989,-0.00183463,0.00774247},{-0.00030989,0.00000000,0.01452833,0.01799713},{0.00183463,-0.01452833,0.00000000,0.03722252},{-0.00774247,-0.01799713,-0.03722252,0.00000000}},{{0.00000000,0.00000000,0.00000000,0.00000000},{0.00000000,0.00000000,0.00000000,0.00000000},{0.00000000,0.00000000,0.00000000,0.00000000},{0.00000000,0.00000000,0.00000000,0.00000000}}}}