{{{{0.00000000,0.00000000,0.00000000,0.00000000},{0.00000000,0.00000000,0.00000000,0.00000000},{0.00000000,0.00000000,0.00000000,0.00000000},{0.00000000,0.00000000,0.00000000,0.00000000}},{{0.00000000,-0.03140116,0.03463635,-0.00512059},{0.03140116,0.00000000,-0.02381746,0.00576162},{-0.03463635,0.02381746,0.00000000,-0.00021655},{0.00512059,-0.00576162,0.00021655,0.00000000}},{{0.00000000,0.03463635,0.08585006,0.00538912},{-0.03463635,0.00000000,0.00367213,0.06790012},{-0.08585006,-0.00367213,0.00000000,0.00091818},{-0.00538912,-0.06790012,-0.00091818,0.00000000}},{{0.00000000,-0.00512059,0.00538912,-0.04303143},{0.00512059,0.00000000,-0.06553556,0.00822407},{-0.00538912,0.06553556,0.00000000,-0.01229234},{0.04303143,-0.00822407,0.01229234,0.00000000}}},{{{0.00000000,0.03140116,-0.03463635,0.00512059},{-0.03140116,0.00000000,0.02381746,-0.00576162},{0.03463635,-0.02381746,0.00000000,0.00021655},{-0.00512059,0.00576162,-0.00021655,0.00000000}},{{0.00000000,0.00000000,0.00000000,0.00000000},{0.00000000,0.00000000,0.00000000,0.00000000},{0.00000000,0.00000000,0.00000000,0.00000000},{0.00000000,0.00000000,0.00000000,0.00000000}},{{0.00000000,-0.02381746,0.00367213,-0.06553556},{0.02381746,0.00000000,-0.12220350,0.03742123},{-0.00367213,0.12220350,0.00000000,-0.01686481},{0.06553556,-0.03742123,0.01686481,0.00000000}},{{0.00000000,0.00576162,0.06790012,0.00822407},{-0.00576162,0.00000000,0.03742123,0.07422600},{-0.06790012,-0.03742123,0.00000000,-0.02980270},{-0.00822407,-0.07422600,0.02980270,0.00000000}}},{{{0.00000000,-0.03463635,-0.08585006,-0.00538912},{0.03463635,0.00000000,-0.00367213,-0.06790012},{0.08585006,0.00367213,0.00000000,-0.00091818},{0.00538912,0.06790012,0.00091818,0.00000000}},{{0.00000000,0.02381746,-0.00367213,0.06553556},{-0.02381746,0.00000000,0.12220350,-0.03742123},{0.00367213,-0.12220350,0.00000000,0.01686481},{-0.06553556,0.03742123,-0.01686481,0.00000000}},{{0.00000000,0.00000000,0.00000000,0.00000000},{0.00000000,0.00000000,0.00000000,0.00000000},{0.00000000,0.00000000,0.00000000,0.00000000},{0.00000000,0.00000000,0.00000000,0.00000000}},{{0.00000000,-0.00021655,0.00091818,-0.01229234},{0.00021655,0.00000000,-0.01686481,-0.02980270},{-0.00091818,0.01686481,0.00000000,-0.03843996},{0.01229234,0.02980270,0.03843996,0.00000000}}},{{{0.00000000,0.00512059,-0.00538912,0.04303143},{-0.00512059,0.00000000,0.06553556,-0.00822407},{0.00538912,-0.06553556,0.00000000,0.01229234},{-0.04303143,0.00822407,-0.01229234,0.00000000}},{{0.00000000,-0.00576162,-0.06790012,-0.00822407},{0.00576162,0.00000000,-0.03742123,-0.07422600},{0.06790012,0.03742123,0.00000000,0.02980270},{0.00822407,0.07422600,-0.02980270,0.00000000}},{{0.00000000,0.00021655,-0.00091818,0.01229234},{-0.00021655,0.00000000,0.01686481,0.02980270},{0.00091818,-0.01686481,0.00000000,0.03843996},{-0.01229234,-0.02980270,-0.03843996,0.00000000}},{{0.00000000,0.00000000,0.00000000,0.00000000},{0.00000000,0.00000000,0.00000000,0.00000000},{0.00000000,0.00000000,0.00000000,0.00000000},{0.00000000,0.00000000,0.00000000,0.00000000}}}}