{{{{0.00000000,0.00000000,0.00000000,0.00000000},{0.00000000,0.00000000,0.00000000,0.00000000},{0.00000000,0.00000000,0.00000000,0.00000000},{0.00000000,0.00000000,0.00000000,0.00000000}},{{0.00000000,-0.02507729,0.03745017,-0.00263646},{0.02507729,0.00000000,-0.02534454,0.00450233},{-0.03745017,0.02534454,0.00000000,-0.00007013},{0.00263646,-0.00450233,0.00007013,0.00000000}},{{0.00000000,0.03745017,0.13961675,0.01827275},{-0.03745017,0.00000000,0.01825744,0.08878281},{-0.13961675,-0.01825744,0.00000000,0.00069898},{-0.01827275,-0.08878281,-0.00069898,0.00000000}},{{0.00000000,-0.00263646,0.01827275,-0.08010107},{0.00263646,0.00000000,-0.09356244,0.03339656},{-0.01827275,0.09356244,0.00000000,-0.01444781},{0.08010107,-0.03339656,0.01444781,0.00000000}}},{{{0.00000000,0.02507729,-0.03745017,0.00263646},{-0.02507729,0.00000000,0.02534454,-0.00450233},{0.03745017,-0.02534454,0.00000000,0.00007013},{-0.00263646,0.00450233,-0.00007013,0.00000000}},{{0.00000000,0.00000000,0.00000000,0.00000000},{0.00000000,0.00000000,0.00000000,0.00000000},{0.00000000,0.00000000,0.00000000,0.00000000},{0.00000000,0.00000000,0.00000000,0.00000000}},{{0.00000000,-0.02534454,0.01825744,-0.09356244},{0.02534454,0.00000000,-0.17521585,0.06701141},{-0.01825744,0.17521585,0.00000000,-0.00977211},{0.09356244,-0.06701141,0.00977211,0.00000000}},{{0.00000000,0.00450233,0.08878281,0.03339656},{-0.00450233,0.00000000,0.06701141,0.09980880},{-0.08878281,-0.06701141,0.00000000,-0.03613554},{-0.03339656,-0.09980880,0.03613554,0.00000000}}},{{{0.00000000,-0.03745017,-0.13961675,-0.01827275},{0.03745017,0.00000000,-0.01825744,-0.08878281},{0.13961675,0.01825744,0.00000000,-0.00069898},{0.01827275,0.08878281,0.00069898,0.00000000}},{{0.00000000,0.02534454,-0.01825744,0.09356244},{-0.02534454,0.00000000,0.17521585,-0.06701141},{0.01825744,-0.17521585,0.00000000,0.00977211},{-0.09356244,0.06701141,-0.00977211,0.00000000}},{{0.00000000,0.00000000,0.00000000,0.00000000},{0.00000000,0.00000000,0.00000000,0.00000000},{0.00000000,0.00000000,0.00000000,0.00000000},{0.00000000,0.00000000,0.00000000,0.00000000}},{{0.00000000,-0.00007013,0.00069898,-0.01444781},{0.00007013,0.00000000,-0.00977211,-0.03613554},{-0.00069898,0.00977211,0.00000000,-0.03403133},{0.01444781,0.03613554,0.03403133,0.00000000}}},{{{0.00000000,0.00263646,-0.01827275,0.08010107},{-0.00263646,0.00000000,0.09356244,-0.03339656},{0.01827275,-0.09356244,0.00000000,0.01444781},{-0.08010107,0.03339656,-0.01444781,0.00000000}},{{0.00000000,-0.00450233,-0.08878281,-0.03339656},{0.00450233,0.00000000,-0.06701141,-0.09980880},{0.08878281,0.06701141,0.00000000,0.03613554},{0.03339656,0.09980880,-0.03613554,0.00000000}},{{0.00000000,0.00007013,-0.00069898,0.01444781},{-0.00007013,0.00000000,0.00977211,0.03613554},{0.00069898,-0.00977211,0.00000000,0.03403133},{-0.01444781,-0.03613554,-0.03403133,0.00000000}},{{0.00000000,0.00000000,0.00000000,0.00000000},{0.00000000,0.00000000,0.00000000,0.00000000},{0.00000000,0.00000000,0.00000000,0.00000000},{0.00000000,0.00000000,0.00000000,0.00000000}}}}