{{{{0.00000000,0.00000000,0.00000000,0.00000000},{0.00000000,0.00000000,0.00000000,0.00000000},{0.00000000,0.00000000,0.00000000,0.00000000},{0.00000000,0.00000000,0.00000000,0.00000000}},{{0.00000000,-0.02308869,0.03479687,-0.00170091},{0.02308869,0.00000000,-0.02457623,0.00251788},{-0.03479687,0.02457623,0.00000000,0.00030797},{0.00170091,-0.00251788,-0.00030797,0.00000000}},{{0.00000000,0.03479687,0.16727179,0.02682416},{-0.03479687,0.00000000,0.02627695,0.08605326},{-0.16727179,-0.02627695,0.00000000,0.00143293},{-0.02682416,-0.08605326,-0.00143293,0.00000000}},{{0.00000000,-0.00170091,0.02682416,-0.09196633},{0.00170091,0.00000000,-0.09663865,0.04990051},{-0.02682416,0.09663865,0.00000000,-0.01374860},{0.09196633,-0.04990051,0.01374860,0.00000000}}},{{{0.00000000,0.02308869,-0.03479687,0.00170091},{-0.02308869,0.00000000,0.02457623,-0.00251788},{0.03479687,-0.02457623,0.00000000,-0.00030797},{-0.00170091,0.00251788,0.00030797,0.00000000}},{{0.00000000,0.00000000,0.00000000,0.00000000},{0.00000000,0.00000000,0.00000000,0.00000000},{0.00000000,0.00000000,0.00000000,0.00000000},{0.00000000,0.00000000,0.00000000,0.00000000}},{{0.00000000,-0.02457623,0.02627695,-0.09663865},{0.02457623,0.00000000,-0.20104184,0.07475515},{-0.02627695,0.20104184,0.00000000,-0.00569281},{0.09663865,-0.07475515,0.00569281,0.00000000}},{{0.00000000,0.00251788,0.08605326,0.04990051},{-0.00251788,0.00000000,0.07475515,0.10473856},{-0.08605326,-0.07475515,0.00000000,-0.03654132},{-0.04990051,-0.10473856,0.03654132,0.00000000}}},{{{0.00000000,-0.03479687,-0.16727179,-0.02682416},{0.03479687,0.00000000,-0.02627695,-0.08605326},{0.16727179,0.02627695,0.00000000,-0.00143293},{0.02682416,0.08605326,0.00143293,0.00000000}},{{0.00000000,0.02457623,-0.02627695,0.09663865},{-0.02457623,0.00000000,0.20104184,-0.07475515},{0.02627695,-0.20104184,0.00000000,0.00569281},{-0.09663865,0.07475515,-0.00569281,0.00000000}},{{0.00000000,0.00000000,0.00000000,0.00000000},{0.00000000,0.00000000,0.00000000,0.00000000},{0.00000000,0.00000000,0.00000000,0.00000000},{0.00000000,0.00000000,0.00000000,0.00000000}},{{0.00000000,0.00030797,0.00143293,-0.01374860},{-0.00030797,0.00000000,-0.00569281,-0.03654132},{-0.00143293,0.00569281,0.00000000,-0.03091349},{0.01374860,0.03654132,0.03091349,0.00000000}}},{{{0.00000000,0.00170091,-0.02682416,0.09196633},{-0.00170091,0.00000000,0.09663865,-0.04990051},{0.02682416,-0.09663865,0.00000000,0.01374860},{-0.09196633,0.04990051,-0.01374860,0.00000000}},{{0.00000000,-0.00251788,-0.08605326,-0.04990051},{0.00251788,0.00000000,-0.07475515,-0.10473856},{0.08605326,0.07475515,0.00000000,0.03654132},{0.04990051,0.10473856,-0.03654132,0.00000000}},{{0.00000000,-0.00030797,-0.00143293,0.01374860},{0.00030797,0.00000000,0.00569281,0.03654132},{0.00143293,-0.00569281,0.00000000,0.03091349},{-0.01374860,-0.03654132,-0.03091349,0.00000000}},{{0.00000000,0.00000000,0.00000000,0.00000000},{0.00000000,0.00000000,0.00000000,0.00000000},{0.00000000,0.00000000,0.00000000,0.00000000},{0.00000000,0.00000000,0.00000000,0.00000000}}}}