{{{{0.00000000,0.00000000,0.00000000,0.00000000},{0.00000000,0.00000000,0.00000000,0.00000000},{0.00000000,0.00000000,0.00000000,0.00000000},{0.00000000,0.00000000,0.00000000,0.00000000}},{{0.00000000,-0.01384987,0.07919390,-0.01149524},{0.01384987,0.00000000,-0.05462612,0.00878298},{-0.07919390,0.05462612,0.00000000,-0.00331437},{0.01149524,-0.00878298,0.00331437,0.00000000}},{{0.00000000,0.07919390,0.17197888,0.00841521},{-0.07919390,0.00000000,0.00300457,0.15233502},{-0.17197888,-0.00300457,0.00000000,0.00854598},{-0.00841521,-0.15233502,-0.00854598,0.00000000}},{{0.00000000,-0.01149524,0.00841521,-0.08243181},{0.01149524,0.00000000,-0.14031372,0.00272307},{-0.00841521,0.14031372,0.00000000,-0.02575128},{0.08243181,-0.00272307,0.02575128,0.00000000}}},{{{0.00000000,0.01384987,-0.07919390,0.01149524},{-0.01384987,0.00000000,0.05462612,-0.00878298},{0.07919390,-0.05462612,0.00000000,0.00331437},{-0.01149524,0.00878298,-0.00331437,0.00000000}},{{0.00000000,0.00000000,0.00000000,0.00000000},{0.00000000,0.00000000,0.00000000,0.00000000},{0.00000000,0.00000000,0.00000000,0.00000000},{0.00000000,0.00000000,0.00000000,0.00000000}},{{0.00000000,-0.05462612,0.00300457,-0.14031372},{0.05462612,0.00000000,-0.20469960,0.06318961},{-0.00300457,0.20469960,0.00000000,-0.04365990},{0.14031372,-0.06318961,0.04365990,0.00000000}},{{0.00000000,0.00878298,0.15233502,0.00272307},{-0.00878298,0.00000000,0.06318961,0.15851502},{-0.15233502,-0.06318961,0.00000000,-0.06570618},{-0.00272307,-0.15851502,0.06570618,0.00000000}}},{{{0.00000000,-0.07919390,-0.17197888,-0.00841521},{0.07919390,0.00000000,-0.00300457,-0.15233502},{0.17197888,0.00300457,0.00000000,-0.00854598},{0.00841521,0.15233502,0.00854598,0.00000000}},{{0.00000000,0.05462612,-0.00300457,0.14031372},{-0.05462612,0.00000000,0.20469960,-0.06318961},{0.00300457,-0.20469960,0.00000000,0.04365990},{-0.14031372,0.06318961,-0.04365990,0.00000000}},{{0.00000000,0.00000000,0.00000000,0.00000000},{0.00000000,0.00000000,0.00000000,0.00000000},{0.00000000,0.00000000,0.00000000,0.00000000},{0.00000000,0.00000000,0.00000000,0.00000000}},{{0.00000000,-0.00331437,0.00854598,-0.02575128},{0.00331437,0.00000000,-0.04365990,-0.06570618},{-0.00854598,0.04365990,0.00000000,-0.02951263},{0.02575128,0.06570618,0.02951263,0.00000000}}},{{{0.00000000,0.01149524,-0.00841521,0.08243181},{-0.01149524,0.00000000,0.14031372,-0.00272307},{0.00841521,-0.14031372,0.00000000,0.02575128},{-0.08243181,0.00272307,-0.02575128,0.00000000}},{{0.00000000,-0.00878298,-0.15233502,-0.00272307},{0.00878298,0.00000000,-0.06318961,-0.15851502},{0.15233502,0.06318961,0.00000000,0.06570618},{0.00272307,0.15851502,-0.06570618,0.00000000}},{{0.00000000,0.00331437,-0.00854598,0.02575128},{-0.00331437,0.00000000,0.04365990,0.06570618},{0.00854598,-0.04365990,0.00000000,0.02951263},{-0.02575128,-0.06570618,-0.02951263,0.00000000}},{{0.00000000,0.00000000,0.00000000,0.00000000},{0.00000000,0.00000000,0.00000000,0.00000000},{0.00000000,0.00000000,0.00000000,0.00000000},{0.00000000,0.00000000,0.00000000,0.00000000}}}}