{{{{0.00000000,0.00000000,0.00000000,0.00000000},{0.00000000,0.00000000,0.00000000,0.00000000},{0.00000000,0.00000000,0.00000000,0.00000000},{0.00000000,0.00000000,0.00000000,0.00000000}},{{0.00000000,0.01129548,-0.03831225,0.00654367},{-0.01129548,0.00000000,0.01411227,-0.01149261},{0.03831225,-0.01411227,0.00000000,-0.00755909},{-0.00654367,0.01149261,0.00755909,0.00000000}},{{0.00000000,-0.03831225,0.27956758,0.07305570},{0.03831225,0.00000000,0.07356729,-0.10298841},{-0.27956758,-0.07356729,0.00000000,0.00388893},{-0.07305570,0.10298841,-0.00388893,0.00000000}},{{0.00000000,0.00654367,0.07305570,-0.04341649},{-0.00654367,0.00000000,0.04311339,0.15739615},{-0.07305570,-0.04311339,0.00000000,0.01835690},{0.04341649,-0.15739615,-0.01835690,0.00000000}}},{{{0.00000000,-0.01129548,0.03831225,-0.00654367},{0.01129548,0.00000000,-0.01411227,0.01149261},{-0.03831225,0.01411227,0.00000000,0.00755909},{0.00654367,-0.01149261,-0.00755909,0.00000000}},{{0.00000000,0.00000000,0.00000000,0.00000000},{0.00000000,0.00000000,0.00000000,0.00000000},{0.00000000,0.00000000,0.00000000,0.00000000},{0.00000000,0.00000000,0.00000000,0.00000000}},{{0.00000000,0.01411227,0.07356729,0.04311339},{-0.01411227,0.00000000,-0.27050179,-0.00643003},{-0.07356729,0.27050179,0.00000000,0.02762978},{-0.04311339,0.00643003,-0.02762978,0.00000000}},{{0.00000000,-0.01149261,-0.10298841,0.15739615},{0.01149261,0.00000000,-0.00643003,-0.00744166},{0.10298841,0.00643003,0.00000000,0.01096059},{-0.15739615,0.00744166,-0.01096059,0.00000000}}},{{{0.00000000,0.03831225,-0.27956758,-0.07305570},{-0.03831225,0.00000000,-0.07356729,0.10298841},{0.27956758,0.07356729,0.00000000,-0.00388893},{0.07305570,-0.10298841,0.00388893,0.00000000}},{{0.00000000,-0.01411227,-0.07356729,-0.04311339},{0.01411227,0.00000000,0.27050179,0.00643003},{0.07356729,-0.27050179,0.00000000,-0.02762978},{0.04311339,-0.00643003,0.02762978,0.00000000}},{{0.00000000,0.00000000,0.00000000,0.00000000},{0.00000000,0.00000000,0.00000000,0.00000000},{0.00000000,0.00000000,0.00000000,0.00000000},{0.00000000,0.00000000,0.00000000,0.00000000}},{{0.00000000,-0.00755909,0.00388893,0.01835690},{0.00755909,0.00000000,0.02762978,0.01096059},{-0.00388893,-0.02762978,0.00000000,0.03049688},{-0.01835690,-0.01096059,-0.03049688,0.00000000}}},{{{0.00000000,-0.00654367,-0.07305570,0.04341649},{0.00654367,0.00000000,-0.04311339,-0.15739615},{0.07305570,0.04311339,0.00000000,-0.01835690},{-0.04341649,0.15739615,0.01835690,0.00000000}},{{0.00000000,0.01149261,0.10298841,-0.15739615},{-0.01149261,0.00000000,0.00643003,0.00744166},{-0.10298841,-0.00643003,0.00000000,-0.01096059},{0.15739615,-0.00744166,0.01096059,0.00000000}},{{0.00000000,0.00755909,-0.00388893,-0.01835690},{-0.00755909,0.00000000,-0.02762978,-0.01096059},{0.00388893,0.02762978,0.00000000,-0.03049688},{0.01835690,0.01096059,0.03049688,0.00000000}},{{0.00000000,0.00000000,0.00000000,0.00000000},{0.00000000,0.00000000,0.00000000,0.00000000},{0.00000000,0.00000000,0.00000000,0.00000000},{0.00000000,0.00000000,0.00000000,0.00000000}}}}