{{{{0.00000000,0.00000000,0.00000000,0.00000000},{0.00000000,0.00000000,0.00000000,0.00000000},{0.00000000,0.00000000,0.00000000,0.00000000},{0.00000000,0.00000000,0.00000000,0.00000000}},{{0.00000000,0.02943750,-0.00241346,0.01204085},{-0.02943750,0.00000000,-0.00121542,-0.01580915},{0.00241346,0.00121542,0.00000000,-0.00167858},{-0.01204085,0.01580915,0.00167858,0.00000000}},{{0.00000000,-0.00241346,0.27387984,0.07667770},{0.00241346,0.00000000,0.07970393,0.06489604},{-0.27387984,-0.07970393,0.00000000,0.00304460},{-0.07667770,-0.06489604,-0.00304460,0.00000000}},{{0.00000000,0.01204085,0.07667770,-0.17506318},{-0.01204085,0.00000000,-0.11031146,0.14624465},{-0.07667770,0.11031146,0.00000000,-0.00578653},{0.17506318,-0.14624465,0.00578653,0.00000000}}},{{{0.00000000,-0.02943750,0.00241346,-0.01204085},{0.02943750,0.00000000,0.00121542,0.01580915},{-0.00241346,-0.00121542,0.00000000,0.00167858},{0.01204085,-0.01580915,-0.00167858,0.00000000}},{{0.00000000,0.00000000,0.00000000,0.00000000},{0.00000000,0.00000000,0.00000000,0.00000000},{0.00000000,0.00000000,0.00000000,0.00000000},{0.00000000,0.00000000,0.00000000,0.00000000}},{{0.00000000,-0.00121542,0.07970393,-0.11031146},{0.00121542,0.00000000,-0.26057487,0.13942187},{-0.07970393,0.26057487,0.00000000,0.04246534},{0.11031146,-0.13942187,-0.04246534,0.00000000}},{{0.00000000,-0.01580915,0.06489604,0.14624465},{0.01580915,0.00000000,0.13942187,0.10513097},{-0.06489604,-0.13942187,0.00000000,-0.02270045},{-0.14624465,-0.10513097,0.02270045,0.00000000}}},{{{0.00000000,0.00241346,-0.27387984,-0.07667770},{-0.00241346,0.00000000,-0.07970393,-0.06489604},{0.27387984,0.07970393,0.00000000,-0.00304460},{0.07667770,0.06489604,0.00304460,0.00000000}},{{0.00000000,0.00121542,-0.07970393,0.11031146},{-0.00121542,0.00000000,0.26057487,-0.13942187},{0.07970393,-0.26057487,0.00000000,-0.04246534},{-0.11031146,0.13942187,0.04246534,0.00000000}},{{0.00000000,0.00000000,0.00000000,0.00000000},{0.00000000,0.00000000,0.00000000,0.00000000},{0.00000000,0.00000000,0.00000000,0.00000000},{0.00000000,0.00000000,0.00000000,0.00000000}},{{0.00000000,-0.00167858,0.00304460,-0.00578653},{0.00167858,0.00000000,0.04246534,-0.02270045},{-0.00304460,-0.04246534,0.00000000,0.02718973},{0.00578653,0.02270045,-0.02718973,0.00000000}}},{{{0.00000000,-0.01204085,-0.07667770,0.17506318},{0.01204085,0.00000000,0.11031146,-0.14624465},{0.07667770,-0.11031146,0.00000000,0.00578653},{-0.17506318,0.14624465,-0.00578653,0.00000000}},{{0.00000000,0.01580915,-0.06489604,-0.14624465},{-0.01580915,0.00000000,-0.13942187,-0.10513097},{0.06489604,0.13942187,0.00000000,0.02270045},{0.14624465,0.10513097,-0.02270045,0.00000000}},{{0.00000000,0.00167858,-0.00304460,0.00578653},{-0.00167858,0.00000000,-0.04246534,0.02270045},{0.00304460,0.04246534,0.00000000,-0.02718973},{-0.00578653,-0.02270045,0.02718973,0.00000000}},{{0.00000000,0.00000000,0.00000000,0.00000000},{0.00000000,0.00000000,0.00000000,0.00000000},{0.00000000,0.00000000,0.00000000,0.00000000},{0.00000000,0.00000000,0.00000000,0.00000000}}}}