{{{{0.00000000,0.00000000,0.00000000,0.00000000},{0.00000000,0.00000000,0.00000000,0.00000000},{0.00000000,0.00000000,0.00000000,0.00000000},{0.00000000,0.00000000,0.00000000,0.00000000}},{{0.00000000,-0.00000000,0.03282358,-0.01345201},{0.00000000,0.00000000,-0.02835735,0.01679213},{-0.03282358,0.02835735,0.00000000,-0.00108642},{0.01345201,-0.01679213,0.00108642,0.00000000}},{{0.00000000,-0.03282358,0.00000000,0.08787833},{0.03282358,0.00000000,0.16469870,0.08774825},{-0.00000000,-0.16469870,0.00000000,0.00721990},{-0.08787833,-0.08774825,-0.00721990,0.00000000}},{{0.00000000,0.01345201,-0.08787833,0.00000000},{-0.01345201,0.00000000,0.06183244,-0.08702340},{0.08787833,-0.06183244,0.00000000,-0.02659207},{-0.00000000,0.08702340,0.02659207,0.00000000}}},{{{0.00000000,0.00000000,-0.03282358,0.01345201},{-0.00000000,0.00000000,0.02835735,-0.01679213},{0.03282358,-0.02835735,0.00000000,0.00108642},{-0.01345201,0.01679213,-0.00108642,0.00000000}},{{0.00000000,0.00000000,0.00000000,0.00000000},{0.00000000,0.00000000,0.00000000,0.00000000},{0.00000000,0.00000000,0.00000000,0.00000000},{0.00000000,0.00000000,0.00000000,0.00000000}},{{0.00000000,0.02835735,-0.16469870,-0.06183244},{-0.02835735,0.00000000,0.00000000,-0.06391771},{0.16469870,-0.00000000,0.00000000,-0.04748960},{0.06183244,0.06391771,0.04748960,0.00000000}},{{0.00000000,-0.01679213,-0.08774825,0.08702340},{0.01679213,0.00000000,0.06391771,0.00000000},{0.08774825,-0.06391771,0.00000000,0.00394774},{-0.08702340,-0.00000000,-0.00394774,0.00000000}}},{{{0.00000000,0.03282358,-0.00000000,-0.08787833},{-0.03282358,0.00000000,-0.16469870,-0.08774825},{0.00000000,0.16469870,0.00000000,-0.00721990},{0.08787833,0.08774825,0.00721990,0.00000000}},{{0.00000000,-0.02835735,0.16469870,0.06183244},{0.02835735,0.00000000,-0.00000000,0.06391771},{-0.16469870,0.00000000,0.00000000,0.04748960},{-0.06183244,-0.06391771,-0.04748960,0.00000000}},{{0.00000000,0.00000000,0.00000000,0.00000000},{0.00000000,0.00000000,0.00000000,0.00000000},{0.00000000,0.00000000,0.00000000,0.00000000},{0.00000000,0.00000000,0.00000000,0.00000000}},{{0.00000000,0.00108642,-0.00721990,0.02659207},{-0.00108642,0.00000000,0.04748960,-0.00394774},{0.00721990,-0.04748960,0.00000000,0.00000000},{-0.02659207,0.00394774,-0.00000000,0.00000000}}},{{{0.00000000,-0.01345201,0.08787833,-0.00000000},{0.01345201,0.00000000,-0.06183244,0.08702340},{-0.08787833,0.06183244,0.00000000,0.02659207},{0.00000000,-0.08702340,-0.02659207,0.00000000}},{{0.00000000,0.01679213,0.08774825,-0.08702340},{-0.01679213,0.00000000,-0.06391771,-0.00000000},{-0.08774825,0.06391771,0.00000000,-0.00394774},{0.08702340,0.00000000,0.00394774,0.00000000}},{{0.00000000,-0.00108642,0.00721990,-0.02659207},{0.00108642,0.00000000,-0.04748960,0.00394774},{-0.00721990,0.04748960,0.00000000,-0.00000000},{0.02659207,-0.00394774,0.00000000,0.00000000}},{{0.00000000,0.00000000,0.00000000,0.00000000},{0.00000000,0.00000000,0.00000000,0.00000000},{0.00000000,0.00000000,0.00000000,0.00000000},{0.00000000,0.00000000,0.00000000,0.00000000}}}}