{{{{0.00000000,0.00000000,0.00000000,0.00000000},{0.00000000,0.00000000,0.00000000,0.00000000},{0.00000000,0.00000000,0.00000000,0.00000000},{0.00000000,0.00000000,0.00000000,0.00000000}},{{0.00000000,-0.00000000,-0.02028974,-0.01338326},{0.00000000,0.00000000,-0.01734749,-0.00195773},{0.02028974,0.01734749,0.00000000,0.00008970},{0.01338326,0.00195773,-0.00008970,0.00000000}},{{0.00000000,0.02028974,-0.00000000,0.02456643},{-0.02028974,0.00000000,0.06919199,0.01637593},{0.00000000,-0.06919199,0.00000000,0.00314215},{-0.02456643,-0.01637593,-0.00314215,0.00000000}},{{0.00000000,0.01338326,-0.02456643,0.00000000},{-0.01338326,0.00000000,0.00774025,-0.02520404},{0.02456643,-0.00774025,0.00000000,-0.01294789},{-0.00000000,0.02520404,0.01294789,0.00000000}}},{{{0.00000000,0.00000000,0.02028974,0.01338326},{-0.00000000,0.00000000,0.01734749,0.00195773},{-0.02028974,-0.01734749,0.00000000,-0.00008970},{-0.01338326,-0.00195773,0.00008970,0.00000000}},{{0.00000000,0.00000000,0.00000000,0.00000000},{0.00000000,0.00000000,0.00000000,0.00000000},{0.00000000,0.00000000,0.00000000,0.00000000},{0.00000000,0.00000000,0.00000000,0.00000000}},{{0.00000000,0.01734749,-0.06919199,-0.00774025},{-0.01734749,0.00000000,-0.00000000,-0.05769317},{0.06919199,0.00000000,0.00000000,-0.02235455},{0.00774025,0.05769317,0.02235455,0.00000000}},{{0.00000000,0.00195773,-0.01637593,0.02520404},{-0.00195773,0.00000000,0.05769317,0.00000000},{0.01637593,-0.05769317,0.00000000,0.02828487},{-0.02520404,-0.00000000,-0.02828487,0.00000000}}},{{{0.00000000,-0.02028974,0.00000000,-0.02456643},{0.02028974,0.00000000,-0.06919199,-0.01637593},{-0.00000000,0.06919199,0.00000000,-0.00314215},{0.02456643,0.01637593,0.00314215,0.00000000}},{{0.00000000,-0.01734749,0.06919199,0.00774025},{0.01734749,0.00000000,0.00000000,0.05769317},{-0.06919199,-0.00000000,0.00000000,0.02235455},{-0.00774025,-0.05769317,-0.02235455,0.00000000}},{{0.00000000,0.00000000,0.00000000,0.00000000},{0.00000000,0.00000000,0.00000000,0.00000000},{0.00000000,0.00000000,0.00000000,0.00000000},{0.00000000,0.00000000,0.00000000,0.00000000}},{{0.00000000,-0.00008970,-0.00314215,0.01294789},{0.00008970,0.00000000,0.02235455,-0.02828487},{0.00314215,-0.02235455,0.00000000,0.00000000},{-0.01294789,0.02828487,-0.00000000,0.00000000}}},{{{0.00000000,-0.01338326,0.02456643,-0.00000000},{0.01338326,0.00000000,-0.00774025,0.02520404},{-0.02456643,0.00774025,0.00000000,0.01294789},{0.00000000,-0.02520404,-0.01294789,0.00000000}},{{0.00000000,-0.00195773,0.01637593,-0.02520404},{0.00195773,0.00000000,-0.05769317,-0.00000000},{-0.01637593,0.05769317,0.00000000,-0.02828487},{0.02520404,0.00000000,0.02828487,0.00000000}},{{0.00000000,0.00008970,0.00314215,-0.01294789},{-0.00008970,0.00000000,-0.02235455,0.02828487},{-0.00314215,0.02235455,0.00000000,-0.00000000},{0.01294789,-0.02828487,0.00000000,0.00000000}},{{0.00000000,0.00000000,0.00000000,0.00000000},{0.00000000,0.00000000,0.00000000,0.00000000},{0.00000000,0.00000000,0.00000000,0.00000000},{0.00000000,0.00000000,0.00000000,0.00000000}}}}