{{{{0.00000000,0.00000000,0.00000000,0.00000000},{0.00000000,0.00000000,0.00000000,0.00000000},{0.00000000,0.00000000,0.00000000,0.00000000},{0.00000000,0.00000000,0.00000000,0.00000000}},{{0.00000000,0.00000000,0.05087820,-0.00365978},{-0.00000000,0.00000000,-0.02445316,0.00925513},{-0.05087820,0.02445316,0.00000000,0.00164098},{0.00365978,-0.00925513,-0.00164098,0.00000000}},{{0.00000000,-0.05087820,0.00000000,0.11736328},{0.05087820,0.00000000,0.23335940,0.13485053},{-0.00000000,-0.23335940,0.00000000,0.00566125},{-0.11736328,-0.13485053,-0.00566125,0.00000000}},{{0.00000000,0.00365978,-0.11736328,0.00000000},{-0.00365978,0.00000000,0.11342750,-0.07152555},{0.11736328,-0.11342750,0.00000000,-0.03003696},{-0.00000000,0.07152555,0.03003696,0.00000000}}},{{{0.00000000,-0.00000000,-0.05087820,0.00365978},{0.00000000,0.00000000,0.02445316,-0.00925513},{0.05087820,-0.02445316,0.00000000,-0.00164098},{-0.00365978,0.00925513,0.00164098,0.00000000}},{{0.00000000,0.00000000,0.00000000,0.00000000},{0.00000000,0.00000000,0.00000000,0.00000000},{0.00000000,0.00000000,0.00000000,0.00000000},{0.00000000,0.00000000,0.00000000,0.00000000}},{{0.00000000,0.02445316,-0.23335940,-0.11342750},{-0.02445316,0.00000000,-0.00000000,0.05609087},{0.23335940,0.00000000,0.00000000,-0.01861833},{0.11342750,-0.05609087,0.01861833,0.00000000}},{{0.00000000,-0.00925513,-0.13485053,0.07152555},{0.00925513,0.00000000,-0.05609087,-0.00000000},{0.13485053,0.05609087,0.00000000,-0.01835069},{-0.07152555,0.00000000,0.01835069,0.00000000}}},{{{0.00000000,0.05087820,-0.00000000,-0.11736328},{-0.05087820,0.00000000,-0.23335940,-0.13485053},{0.00000000,0.23335940,0.00000000,-0.00566125},{0.11736328,0.13485053,0.00566125,0.00000000}},{{0.00000000,-0.02445316,0.23335940,0.11342750},{0.02445316,0.00000000,0.00000000,-0.05609087},{-0.23335940,-0.00000000,0.00000000,0.01861833},{-0.11342750,0.05609087,-0.01861833,0.00000000}},{{0.00000000,0.00000000,0.00000000,0.00000000},{0.00000000,0.00000000,0.00000000,0.00000000},{0.00000000,0.00000000,0.00000000,0.00000000},{0.00000000,0.00000000,0.00000000,0.00000000}},{{0.00000000,-0.00164098,-0.00566125,0.03003696},{0.00164098,0.00000000,0.01861833,0.01835069},{0.00566125,-0.01861833,0.00000000,0.00000000},{-0.03003696,-0.01835069,-0.00000000,0.00000000}}},{{{0.00000000,-0.00365978,0.11736328,-0.00000000},{0.00365978,0.00000000,-0.11342750,0.07152555},{-0.11736328,0.11342750,0.00000000,0.03003696},{0.00000000,-0.07152555,-0.03003696,0.00000000}},{{0.00000000,0.00925513,0.13485053,-0.07152555},{-0.00925513,0.00000000,0.05609087,0.00000000},{-0.13485053,-0.05609087,0.00000000,0.01835069},{0.07152555,-0.00000000,-0.01835069,0.00000000}},{{0.00000000,0.00164098,0.00566125,-0.03003696},{-0.00164098,0.00000000,-0.01861833,-0.01835069},{-0.00566125,0.01861833,0.00000000,-0.00000000},{0.03003696,0.01835069,0.00000000,0.00000000}},{{0.00000000,0.00000000,0.00000000,0.00000000},{0.00000000,0.00000000,0.00000000,0.00000000},{0.00000000,0.00000000,0.00000000,0.00000000},{0.00000000,0.00000000,0.00000000,0.00000000}}}}