{{{{0.00000000,0.00000000,0.00000000,0.00000000},{0.00000000,0.00000000,0.00000000,0.00000000},{0.00000000,0.00000000,0.00000000,0.00000000},{0.00000000,0.00000000,0.00000000,0.00000000}},{{0.00000000,0.00000000,0.01352373,-0.01670229},{-0.00000000,0.00000000,-0.02812252,0.00671662},{-0.01352373,0.02812252,0.00000000,-0.00142262},{0.01670229,-0.00671662,0.00142262,0.00000000}},{{0.00000000,-0.01352373,0.00000000,0.06617420},{0.01352373,0.00000000,0.13325939,0.05907535},{-0.00000000,-0.13325939,0.00000000,0.00879061},{-0.06617420,-0.05907535,-0.00879061,0.00000000}},{{0.00000000,0.01670229,-0.06617420,0.00000000},{-0.01670229,0.00000000,0.03820740,-0.06783965},{0.06617420,-0.03820740,0.00000000,-0.02349884},{-0.00000000,0.06783965,0.02349884,0.00000000}}},{{{0.00000000,-0.00000000,-0.01352373,0.01670229},{0.00000000,0.00000000,0.02812252,-0.00671662},{0.01352373,-0.02812252,0.00000000,0.00142262},{-0.01670229,0.00671662,-0.00142262,0.00000000}},{{0.00000000,0.00000000,0.00000000,0.00000000},{0.00000000,0.00000000,0.00000000,0.00000000},{0.00000000,0.00000000,0.00000000,0.00000000},{0.00000000,0.00000000,0.00000000,0.00000000}},{{0.00000000,0.02812252,-0.13325939,-0.03820740},{-0.02812252,0.00000000,0.00000000,-0.07756190},{0.13325939,-0.00000000,0.00000000,-0.04436623},{0.03820740,0.07756190,0.04436623,0.00000000}},{{0.00000000,-0.00671662,-0.05907535,0.06783965},{0.00671662,0.00000000,0.07756190,0.00000000},{0.05907535,-0.07756190,0.00000000,0.01398421},{-0.06783965,-0.00000000,-0.01398421,0.00000000}}},{{{0.00000000,0.01352373,-0.00000000,-0.06617420},{-0.01352373,0.00000000,-0.13325939,-0.05907535},{0.00000000,0.13325939,0.00000000,-0.00879061},{0.06617420,0.05907535,0.00879061,0.00000000}},{{0.00000000,-0.02812252,0.13325939,0.03820740},{0.02812252,0.00000000,-0.00000000,0.07756190},{-0.13325939,0.00000000,0.00000000,0.04436623},{-0.03820740,-0.07756190,-0.04436623,0.00000000}},{{0.00000000,0.00000000,0.00000000,0.00000000},{0.00000000,0.00000000,0.00000000,0.00000000},{0.00000000,0.00000000,0.00000000,0.00000000},{0.00000000,0.00000000,0.00000000,0.00000000}},{{0.00000000,0.00142262,-0.00879061,0.02349884},{-0.00142262,0.00000000,0.04436623,-0.01398421},{0.00879061,-0.04436623,0.00000000,0.00000000},{-0.02349884,0.01398421,-0.00000000,0.00000000}}},{{{0.00000000,-0.01670229,0.06617420,-0.00000000},{0.01670229,0.00000000,-0.03820740,0.06783965},{-0.06617420,0.03820740,0.00000000,0.02349884},{0.00000000,-0.06783965,-0.02349884,0.00000000}},{{0.00000000,0.00671662,0.05907535,-0.06783965},{-0.00671662,0.00000000,-0.07756190,-0.00000000},{-0.05907535,0.07756190,0.00000000,-0.01398421},{0.06783965,0.00000000,0.01398421,0.00000000}},{{0.00000000,-0.00142262,0.00879061,-0.02349884},{0.00142262,0.00000000,-0.04436623,0.01398421},{-0.00879061,0.04436623,0.00000000,-0.00000000},{0.02349884,-0.01398421,0.00000000,0.00000000}},{{0.00000000,0.00000000,0.00000000,0.00000000},{0.00000000,0.00000000,0.00000000,0.00000000},{0.00000000,0.00000000,0.00000000,0.00000000},{0.00000000,0.00000000,0.00000000,0.00000000}}}}