{{{{0.00000000,0.00000000,0.00000000,0.00000000},{0.00000000,0.00000000,0.00000000,0.00000000},{0.00000000,0.00000000,0.00000000,0.00000000},{0.00000000,0.00000000,0.00000000,0.00000000}},{{0.00000000,0.00000000,-0.02663611,-0.00667637},{-0.00000000,0.00000000,-0.00829838,0.00000000},{0.02663611,0.00829838,0.00000000,0.00000000},{0.00667637,-0.00000000,-0.00000000,0.00000000}},{{0.00000000,0.02663611,0.00000000,0.00957664},{-0.02663611,0.00000000,0.04354426,0.00557564},{-0.00000000,-0.04354426,0.00000000,0.00000000},{-0.00957664,-0.00557564,-0.00000000,0.00000000}},{{0.00000000,0.00667637,-0.00957664,0.00000000},{-0.00667637,0.00000000,0.00203140,-0.00978798},{0.00957664,-0.00203140,0.00000000,-0.00598127},{-0.00000000,0.00978798,0.00598127,0.00000000}}},{{{0.00000000,-0.00000000,0.02663611,0.00667637},{0.00000000,0.00000000,0.00829838,-0.00000000},{-0.02663611,-0.00829838,0.00000000,-0.00000000},{-0.00667637,0.00000000,0.00000000,0.00000000}},{{0.00000000,0.00000000,0.00000000,0.00000000},{0.00000000,0.00000000,0.00000000,0.00000000},{0.00000000,0.00000000,0.00000000,0.00000000},{0.00000000,0.00000000,0.00000000,0.00000000}},{{0.00000000,0.00829838,-0.04354426,-0.00203140},{-0.00829838,0.00000000,0.00000000,-0.04004455},{0.04354426,-0.00000000,0.00000000,-0.00992488},{0.00203140,0.04004455,0.00992488,0.00000000}},{{0.00000000,-0.00000000,-0.00557564,0.00978798},{0.00000000,0.00000000,0.04004455,0.00000000},{0.00557564,-0.04004455,0.00000000,0.02905753},{-0.00978798,-0.00000000,-0.02905753,0.00000000}}},{{{0.00000000,-0.02663611,-0.00000000,-0.00957664},{0.02663611,0.00000000,-0.04354426,-0.00557564},{0.00000000,0.04354426,0.00000000,-0.00000000},{0.00957664,0.00557564,0.00000000,0.00000000}},{{0.00000000,-0.00829838,0.04354426,0.00203140},{0.00829838,0.00000000,-0.00000000,0.04004455},{-0.04354426,0.00000000,0.00000000,0.00992488},{-0.00203140,-0.04004455,-0.00992488,0.00000000}},{{0.00000000,0.00000000,0.00000000,0.00000000},{0.00000000,0.00000000,0.00000000,0.00000000},{0.00000000,0.00000000,0.00000000,0.00000000},{0.00000000,0.00000000,0.00000000,0.00000000}},{{0.00000000,0.00000000,0.00000000,0.00598127},{-0.00000000,0.00000000,0.00992488,-0.02905753},{-0.00000000,-0.00992488,0.00000000,0.00000000},{-0.00598127,0.02905753,-0.00000000,0.00000000}}},{{{0.00000000,-0.00667637,0.00957664,-0.00000000},{0.00667637,0.00000000,-0.00203140,0.00978798},{-0.00957664,0.00203140,0.00000000,0.00598127},{0.00000000,-0.00978798,-0.00598127,0.00000000}},{{0.00000000,0.00000000,0.00557564,-0.00978798},{-0.00000000,0.00000000,-0.04004455,-0.00000000},{-0.00557564,0.04004455,0.00000000,-0.02905753},{0.00978798,0.00000000,0.02905753,0.00000000}},{{0.00000000,-0.00000000,-0.00000000,-0.00598127},{0.00000000,0.00000000,-0.00992488,0.02905753},{0.00000000,0.00992488,0.00000000,-0.00000000},{0.00598127,-0.02905753,0.00000000,0.00000000}},{{0.00000000,0.00000000,0.00000000,0.00000000},{0.00000000,0.00000000,0.00000000,0.00000000},{0.00000000,0.00000000,0.00000000,0.00000000},{0.00000000,0.00000000,0.00000000,0.00000000}}}}