{{{{0.00000000,0.00000000,0.00000000,0.00000000},{0.00000000,0.00000000,0.00000000,0.00000000},{0.00000000,0.00000000,0.00000000,0.00000000},{0.00000000,0.00000000,0.00000000,0.00000000}},{{0.00000000,-0.02802104,0.03769152,-0.00384054},{0.02802104,0.00000000,-0.02522300,0.00608324},{-0.03769152,0.02522300,0.00000000,0.00009773},{0.00384054,-0.00608324,-0.00009773,0.00000000}},{{0.00000000,0.03769152,0.11222877,0.01060498},{-0.03769152,0.00000000,0.01028705,0.08229321},{-0.11222877,-0.01028705,0.00000000,0.00039452},{-0.01060498,-0.08229321,-0.00039452,0.00000000}},{{0.00000000,-0.00384054,0.01060498,-0.06259475},{0.00384054,0.00000000,-0.08253129,0.01877209},{-0.01060498,0.08253129,0.00000000,-0.01386916},{0.06259475,-0.01877209,0.01386916,0.00000000}}},{{{0.00000000,0.02802104,-0.03769152,0.00384054},{-0.02802104,0.00000000,0.02522300,-0.00608324},{0.03769152,-0.02522300,0.00000000,-0.00009773},{-0.00384054,0.00608324,0.00009773,0.00000000}},{{0.00000000,0.00000000,0.00000000,0.00000000},{0.00000000,0.00000000,0.00000000,0.00000000},{0.00000000,0.00000000,0.00000000,0.00000000},{0.00000000,0.00000000,0.00000000,0.00000000}},{{0.00000000,-0.02522300,0.01028705,-0.08253129},{0.02522300,0.00000000,-0.14915836,0.05306922},{-0.01028705,0.14915836,0.00000000,-0.01401865},{0.08253129,-0.05306922,0.01401865,0.00000000}},{{0.00000000,0.00608324,0.08229321,0.01877209},{-0.00608324,0.00000000,0.05306922,0.08929570},{-0.08229321,-0.05306922,0.00000000,-0.03386549},{-0.01877209,-0.08929570,0.03386549,0.00000000}}},{{{0.00000000,-0.03769152,-0.11222877,-0.01060498},{0.03769152,0.00000000,-0.01028705,-0.08229321},{0.11222877,0.01028705,0.00000000,-0.00039452},{0.01060498,0.08229321,0.00039452,0.00000000}},{{0.00000000,0.02522300,-0.01028705,0.08253129},{-0.02522300,0.00000000,0.14915836,-0.05306922},{0.01028705,-0.14915836,0.00000000,0.01401865},{-0.08253129,0.05306922,-0.01401865,0.00000000}},{{0.00000000,0.00000000,0.00000000,0.00000000},{0.00000000,0.00000000,0.00000000,0.00000000},{0.00000000,0.00000000,0.00000000,0.00000000},{0.00000000,0.00000000,0.00000000,0.00000000}},{{0.00000000,0.00009773,0.00039452,-0.01386916},{-0.00009773,0.00000000,-0.01401865,-0.03386549},{-0.00039452,0.01401865,0.00000000,-0.03675031},{0.01386916,0.03386549,0.03675031,0.00000000}}},{{{0.00000000,0.00384054,-0.01060498,0.06259475},{-0.00384054,0.00000000,0.08253129,-0.01877209},{0.01060498,-0.08253129,0.00000000,0.01386916},{-0.06259475,0.01877209,-0.01386916,0.00000000}},{{0.00000000,-0.00608324,-0.08229321,-0.01877209},{0.00608324,0.00000000,-0.05306922,-0.08929570},{0.08229321,0.05306922,0.00000000,0.03386549},{0.01877209,0.08929570,-0.03386549,0.00000000}},{{0.00000000,-0.00009773,-0.00039452,0.01386916},{0.00009773,0.00000000,0.01401865,0.03386549},{0.00039452,-0.01401865,0.00000000,0.03675031},{-0.01386916,-0.03386549,-0.03675031,0.00000000}},{{0.00000000,0.00000000,0.00000000,0.00000000},{0.00000000,0.00000000,0.00000000,0.00000000},{0.00000000,0.00000000,0.00000000,0.00000000},{0.00000000,0.00000000,0.00000000,0.00000000}}}}