{{{{0.00000000,0.00000000,0.00000000,0.00000000},{0.00000000,0.00000000,0.00000000,0.00000000},{0.00000000,0.00000000,0.00000000,0.00000000},{0.00000000,0.00000000,0.00000000,0.00000000}},{{0.00000000,-0.02195915,0.03096565,-0.00104654},{0.02195915,0.00000000,-0.02316501,0.00136862},{-0.03096565,0.02316501,0.00000000,-0.00044794},{0.00104654,-0.00136862,0.00044794,0.00000000}},{{0.00000000,0.03096565,0.19522855,0.03412973},{-0.03096565,0.00000000,0.03363367,0.07575442},{-0.19522855,-0.03363367,0.00000000,0.00182182},{-0.03412973,-0.07575442,-0.00182182,0.00000000}},{{0.00000000,-0.00104654,0.03412973,-0.09630798},{0.00104654,0.00000000,-0.09232731,0.06564013},{-0.03412973,0.09232731,0.00000000,-0.01191291},{0.09630798,-0.06564013,0.01191291,0.00000000}}},{{{0.00000000,0.02195915,-0.03096565,0.00104654},{-0.02195915,0.00000000,0.02316501,-0.00136862},{0.03096565,-0.02316501,0.00000000,0.00044794},{-0.00104654,0.00136862,-0.00044794,0.00000000}},{{0.00000000,0.00000000,0.00000000,0.00000000},{0.00000000,0.00000000,0.00000000,0.00000000},{0.00000000,0.00000000,0.00000000,0.00000000},{0.00000000,0.00000000,0.00000000,0.00000000}},{{0.00000000,-0.02316501,0.03363367,-0.09232731},{0.02316501,0.00000000,-0.22809202,0.07411215},{-0.03363367,0.22809202,0.00000000,-0.00292983},{0.09232731,-0.07411215,0.00292983,0.00000000}},{{0.00000000,0.00136862,0.07575442,0.06564013},{-0.00136862,0.00000000,0.07411215,0.10399439},{-0.07575442,-0.07411215,0.00000000,-0.03544526},{-0.06564013,-0.10399439,0.03544526,0.00000000}}},{{{0.00000000,-0.03096565,-0.19522855,-0.03412973},{0.03096565,0.00000000,-0.03363367,-0.07575442},{0.19522855,0.03363367,0.00000000,-0.00182182},{0.03412973,0.07575442,0.00182182,0.00000000}},{{0.00000000,0.02316501,-0.03363367,0.09232731},{-0.02316501,0.00000000,0.22809202,-0.07411215},{0.03363367,-0.22809202,0.00000000,0.00292983},{-0.09232731,0.07411215,-0.00292983,0.00000000}},{{0.00000000,0.00000000,0.00000000,0.00000000},{0.00000000,0.00000000,0.00000000,0.00000000},{0.00000000,0.00000000,0.00000000,0.00000000},{0.00000000,0.00000000,0.00000000,0.00000000}},{{0.00000000,-0.00044794,0.00182182,-0.01191291},{0.00044794,0.00000000,-0.00292983,-0.03544526},{-0.00182182,0.00292983,0.00000000,-0.02786380},{0.01191291,0.03544526,0.02786380,0.00000000}}},{{{0.00000000,0.00104654,-0.03412973,0.09630798},{-0.00104654,0.00000000,0.09232731,-0.06564013},{0.03412973,-0.09232731,0.00000000,0.01191291},{-0.09630798,0.06564013,-0.01191291,0.00000000}},{{0.00000000,-0.00136862,-0.07575442,-0.06564013},{0.00136862,0.00000000,-0.07411215,-0.10399439},{0.07575442,0.07411215,0.00000000,0.03544526},{0.06564013,0.10399439,-0.03544526,0.00000000}},{{0.00000000,0.00044794,-0.00182182,0.01191291},{-0.00044794,0.00000000,0.00292983,0.03544526},{0.00182182,-0.00292983,0.00000000,0.02786380},{-0.01191291,-0.03544526,-0.02786380,0.00000000}},{{0.00000000,0.00000000,0.00000000,0.00000000},{0.00000000,0.00000000,0.00000000,0.00000000},{0.00000000,0.00000000,0.00000000,0.00000000},{0.00000000,0.00000000,0.00000000,0.00000000}}}}